p 0.007330677875628074
r
    total: 0.0007980352675076574
    cls: 2.631189864417462e-06
    bbox: 0.0009017541421711292
    landmark: 0.000689054013641347
o
    total: 0.0008047992152517005
    cls: 5.456228077835201e-06
    bbox: 0.0008427835138273432
    landmark: 0.00037795123217037793